# Simulation step:        0
# lnf  =  1 
#
#   subEnsCoord   devFromMeanVisits      DOS
#
       0.000            0.000          0.00000 
       0.100            0.000         -2.56939 
       0.200            0.000        -10.50764 
       0.300            0.000        -24.27385 
       0.400            0.000        -44.41463 
       0.500            0.000        -70.17717 
       0.600            0.000       -102.40363 
       0.700            0.000       -140.49083 
       0.800            0.000       -185.33470 
       0.900            0.000       -236.14849 
       1.000            0.000       -298.93348 

# Simulation step:      500
# lnf  =  1 
#
#   subEnsCoord   devFromMeanVisits      DOS
#
       0.000            0.000          0.00000 
       0.100            0.000         -2.56939 
       0.200            0.000        -10.50764 
       0.300            0.000        -24.27385 
       0.400            0.000        -44.41463 
       0.500            0.000        -70.17717 
       0.600            0.000       -102.40363 
       0.700            0.000       -140.49083 
       0.800            0.440       -186.33470 
       0.900            5.280       -248.14849 
       1.000            5.280       -310.93348 

# Simulation step:     1000
# lnf  =  1 
#
#   subEnsCoord   devFromMeanVisits      DOS
#
       0.000            0.000          0.00000 
       0.100            0.000         -2.56939 
       0.200            0.000        -10.50764 
       0.300            0.000        -24.27385 
       0.400            0.000        -44.41463 
       0.500            0.000        -70.17717 
       0.600            0.000       -102.40363 
       0.700            1.540       -147.49083 
       0.800            2.420       -196.33470 
       0.900            3.740       -253.14849 
       1.000            3.300       -313.93348 

