# Simulation step:        0
# lnf  =  1 
#
#   subEnsCoord   devFromMeanVisits      DOS
#
       0.000            0.000          0.00000 
       0.100            0.000         -2.56939 
       0.200            0.000        -10.50764 
       0.300            0.000        -24.27385 
       0.400            0.000        -44.41463 
       0.500            0.000        -70.17717 
       0.600            0.000       -102.40363 
       0.700            0.000       -140.49083 
       0.800            0.000       -185.33470 
       0.900            0.000       -236.14849 
       1.000            0.000       -298.93348 

